Results:
	loss: 6.3639190972096635
	acc: 0.6707818932494019