Results:
    loss: 6.803619497190646
    acc: 0.48780487829107577