Results:
	loss: 10.75486225552029
	acc: 0.33333333345597665